1 0.22617187500000002 0.07166574432761483 0.044531249999999994 0.03929164360819037
1 0.44609375 0.060597675705589375 0.06874999999999998 0.042612064194798
1 0.36953125 0.21693414499169894 0.07968749999999997 0.06972883231876037
1 0.512109375 0.21555063641394578 0.06484375000000003 0.04703929164360818
1 0.691796875 0.06502490315439956 0.061718750000000044 0.0592141671278362
1 0.6988281249999999 0.20641947980077477 0.08359375000000002 0.03763143331488655
1 0.16171875 0.2963475373547316 0.0703125 0.09241837299391259
1 0.15234375 0.589097952407305 0.0703125 0.09131156613170999
1 0.490625 0.6032097399003873 0.14687500000000003 0.14720531267293857
1 0.25546875 0.8057553956834533 0.08124999999999999 0.09075816270060877
1 0.1453125 0.9194798007747648 0.048437499999999994 0.013835085777531786
1 0.37734375 0.8137797454344218 0.06718750000000001 0.09131156613170999
1 0.401953125 0.7941339236303264 0.12265624999999997 0.07083563918096292
1 0.57421875 0.811289429994466 0.08749999999999991 0.05755395683453246