1 0.690625 0.06388274336283187 0.04375000000000007 0.08130530973451328
1 0.700390625 0.20271017699115046 0.05234375000000002 0.0857300884955752
1 0.44609375 0.05420353982300885 0.0703125 0.058628318584070804
1 0.51484375 0.2157079646017699 0.04218749999999993 0.10730088495575224
1 0.368359375 0.21902654867256638 0.06484374999999998 0.1084070796460177
1 0.22578125 0.07300884955752213 0.018750000000000017 0.07079646017699115
1 0.16015625 0.2936946902654867 0.04843750000000002 0.11946902654867256
1 0.53125 0.5611172566371682 0.042187500000000044 0.0956858407079646
1 0.453515625 0.629424778761062 0.06640625 0.10951327433628322
1 0.151171875 0.5887721238938053 0.06640625000000001 0.0956858407079646
1 0.5796875 0.811117256637168 0.06718749999999996 0.12444690265486724
1 0.40234375 0.8064159292035398 0.1015625 0.11283185840707965
1 0.25859375 0.8097345132743363 0.09375 0.11393805309734517
1 0.14453125 0.918141592920354 0.03281250000000002 0.05199115044247782