1 0.864453125 0.04894911504424779 0.024218750000000067 0.05586283185840707
1 0.81171875 0.07300884955752213 0.0234375 0.06858407079646017
1 0.476171875 0.06084070796460177 0.021093749999999967 0.034292035398230086
1 0.405078125 0.047566371681415934 0.01953125 0.06637168141592921
1 0.29765624999999996 0.11006637168141592 0.04375000000000001 0.08185840707964602
1 0.117578125 0.08877212389380532 0.04296875 0.0956858407079646
1 0.8726562499999999 0.30337389380530977 0.025000000000000022 0.05254424778761063
1 0.63125 0.30420353982300885 0.046875 0.0752212389380531
1 0.51484375 0.2917588495575221 0.04062500000000002 0.07024336283185839
1 0.3921875 0.3174778761061947 0.05624999999999997 0.06969026548672569
1 0.284375 0.32383849557522126 0.0703125 0.11117256637168144
1 0.057421875 0.384679203539823 0.044531249999999994 0.12334070796460178
1 0.86328125 0.560287610619469 0.057812500000000044 0.08628318584070793
1 0.16171875 0.6244469026548672 0.05937500000000001 0.14048672566371678
1 0.7777343750000001 0.8371128318584071 0.04453125000000002 0.11006637168141598
1 0.64921875 0.7502765486725664 0.07656249999999998 0.1299778761061946