1 0.11796875 0.09878251245157721 0.071875 0.07692307692307693
1 0.29140625 0.1192584394023243 0.08437500000000003 0.0758162700608744
1 0.05625000000000001 0.38406198118428336 0.07187500000000001 0.09075816270060871
1 0.26796875 0.3433868289983398 0.048437499999999994 0.042612064194798016
1 0.391015625 0.3206972883231876 0.06796874999999997 0.05368013281682349
1 0.512109375 0.2908135030437189 0.05703125000000003 0.0647482014388489
1 0.630859375 0.3024349750968456 0.05703125000000009 0.05810736026563362
1 0.873828125 0.30160486995019364 0.04453125000000002 0.033204205866076364
1 0.154296875 0.6344770337576093 0.09453125000000001 0.12119535141117876
1 0.861328125 0.5617044825677919 0.06015624999999991 0.05201992252351961
1 0.6484375 0.7548422800221362 0.08437500000000009 0.11068068622025451
1 0.775390625 0.8411732152739346 0.06328124999999996 0.05755395683453235