888 44 912 44 912 188 888 188
856 42 886 42 886 148 856 148
898 289 928 289 928 444 898 444
863 289 888 289 888 444 863 444
586 47 616 47 616 151 586 151
552 45 591 45 591 132 552 132
529 49 559 49 556 150 526 150
662 294 686 294 686 414 662 414
632 293 656 293 656 487 632 487
485 298 510 298 513 423 489 423
459 301 481 301 481 494 459 494
430 301 455 301 455 399 430 399
277 68 301 68 301 195 277 195
206 423 236 423 236 561 206 561
174 427 199 427 199 639 174 639
683 928 707 928 707 1077 683 1077
653 928 677 928 677 1101 653 1101
598 1039 623 1039 623 1237 598 1237
568 1041 593 1041 593 1165 568 1165
538 1041 561 1041 561 1214 538 1214
211 978 236 978 236 1151 211 1151
181 978 204 978 204 1149 181 1149
151 978 176 978 176 1103 151 1103
752 1354 782 1354 785 1458 755 1458
727 1357 752 1357 752 1506 727 1506
699 1357 722 1357 722 1578 699 1578
554 1356 580 1356 577 1481 550 1481
526 1357 550 1357 550 1483 526 1483
478 1393 503 1393 503 1488 478 1488
450 1393 473 1393 473 1560 450 1560
360 1361 391 1361 391 1444 360 1444
333 1363 358 1363 358 1566 333 1566
303 1363 328 1363 328 1543 303 1543
271 1366 296 1366 296 1567 271 1567
164 1615 203 1613 206 1705 167 1707
