1091 38 1122 38 1122 139 1091 139
1024 70 1054 70 1054 194 1024 194
596 79 623 79 623 141 596 141
506 26 531 26 531 146 506 146
384 125 409 125 406 273 381 273
353 127 377 127 377 271 353 271
158 77 178 77 178 199 158 199
125 74 151 74 150 247 123 247
1101 501 1133 501 1133 579 1101 579
803 483 835 482 838 566 806 568
778 485 803 485 803 617 778 617
651 464 685 464 685 517 651 517
633 471 653 471 653 591 633 591
517 512 536 512 536 614 517 614
492 512 512 512 512 635 492 635
466 515 485 515 485 637 466 637
377 485 409 487 406 582 374 580
344 513 368 513 365 646 340 646
319 517 342 517 342 686 319 686
77 587 102 587 102 711 77 711
45 584 68 584 68 806 45 806
1121 941 1140 941 1140 1045 1121 1045
1087 937 1117 935 1121 1009 1091 1011
1068 939 1091 939 1091 1091 1068 1091
197 1002 245 1002 245 1080 197 1080
169 1009 199 1009 199 1255 169 1255
992 1414 1024 1414 1024 1493 992 1493
967 1417 990 1417 990 1613 967 1613
847 1239 877 1239 880 1419 850 1419
813 1239 843 1239 845 1474 815 1474
782 1243 806 1243 806 1442 782 1442
