973 176 1069 176 1069 264 973 264
1080 377 1174 373 1174 400 1080 404
697 139 731 139 731 159 697 159
675 156 753 156 753 174 675 174
666 172 758 172 758 190 666 190
669 190 760 190 760 203 669 203
664 206 766 206 766 219 664 219
668 223 758 223 758 235 668 235
679 235 748 235 748 254 679 254
675 252 753 252 753 270 675 270
677 268 753 268 753 286 677 286
693 283 737 283 737 303 693 303
684 377 802 377 802 457 684 457
689 430 798 430 798 475 689 475
699 462 789 462 789 495 699 495
720 489 764 489 764 518 720 518
985 400 1045 400 1045 431 985 431
967 428 1058 424 1058 451 967 455
974 453 1051 453 1051 479 974 479
964 480 1062 480 1062 500 964 500
971 502 1051 502 1051 528 971 528
971 528 1051 528 1051 553 971 553
815 370 904 370 904 451 815 451
817 422 900 431 896 471 813 462
811 457 900 457 900 491 811 491
818 488 900 488 900 520 818 520
820 517 896 517 896 544 820 544
824 546 893 546 893 571 824 571
826 573 891 573 891 600 826 600
237 502 334 502 334 535 237 535
237 538 334 538 334 578 237 578
292 600 428 607 423 725 286 718
760 890 817 890 817 916 760 916
753 910 822 910 822 936 753 936
746 932 826 932 826 952 746 952
755 948 817 948 817 974 755 974
764 967 813 967 813 994 764 994
746 988 827 988 827 1008 746 1008
755 1008 820 1008 820 1028 755 1028
762 1021 817 1021 817 1072 762 1072
689 1074 751 1074 751 1094 689 1094
688 1092 751 1092 751 1112 688 1112
693 1110 749 1110 749 1130 693 1130
680 1128 757 1128 757 1146 680 1146
686 1148 753 1148 753 1166 686 1166
684 1166 755 1166 755 1184 684 1184
680 1184 760 1184 760 1202 680 1202
682 1202 758 1202 758 1221 682 1221
700 1221 738 1221 738 1241 700 1241
693 1239 746 1239 746 1259 693 1259
174 1663 462 1663 462 1712 174 1712
