882 125 904 125 904 245 882 245
857 125 879 125 879 206 857 206
931 314 1021 314 1021 339 931 339
628 120 649 120 649 239 628 239
599 118 626 118 626 206 599 206
579 121 598 121 598 242 579 242
640 310 662 310 662 442 640 442
618 312 637 312 637 432 618 432
876 348 898 348 896 470 874 470
851 348 873 348 873 451 851 451
753 348 774 348 774 460 753 460
729 350 748 350 748 470 729 470
701 348 723 348 723 451 701 451
309 493 342 493 342 575 309 575
282 495 309 495 309 618 282 618
242 381 281 381 281 467 242 467
218 385 240 385 240 532 218 532
682 770 709 770 712 914 685 914
663 775 682 775 682 895 663 895
648 939 670 939 670 1062 648 1062
637 773 659 773 659 875 637 875
623 937 645 937 645 1060 623 1060
599 940 618 940 618 1060 599 1060
570 935 599 935 599 1004 570 1004
112 1325 485 1321 485 1421 112 1425
154 1428 407 1425 407 1457 154 1460
