121 109 183 109 183 134 121 134
123 130 183 130 183 155 123 155
105 135 197 135 197 248 105 248
344 148 407 148 407 174 344 174
337 162 411 162 411 194 337 194
337 187 407 183 409 209 338 213
319 190 427 190 427 284 319 284
33 612 118 619 111 704 26 697
44 684 98 684 98 704 44 704
35 702 109 702 109 721 35 721
45 719 97 719 97 739 45 739
42 737 100 737 100 757 42 757
45 753 91 757 90 776 44 772
319 582 365 582 365 601 319 601
319 596 367 596 367 615 319 615
314 612 370 612 370 631 314 631
314 626 374 626 374 645 314 645
312 642 374 642 374 659 312 659
460 534 538 534 538 554 460 554
464 548 536 548 536 568 464 568
460 566 538 566 538 578 460 578
466 578 533 578 533 598 466 598
480 596 515 596 515 610 480 610
469 608 527 608 527 628 469 628
623 467 692 469 688 584 619 582
778 494 838 494 838 520 778 520
771 515 842 515 842 539 771 539
782 534 833 534 833 561 782 561
775 554 838 554 838 580 775 580
776 575 836 575 836 599 776 599
1090 515 1147 515 1147 575 1090 575
171 1041 224 1041 224 1067 171 1067
155 1067 241 1067 241 1092 155 1092
146 1094 245 1090 245 1111 146 1115
151 1117 245 1117 245 1141 151 1141
143 1141 252 1141 252 1166 143 1166
146 1152 241 1147 248 1251 153 1256
1064 968 1140 968 1140 993 1064 993
1066 988 1136 988 1136 1007 1066 1007
1069 1005 1133 1005 1133 1025 1069 1025
1073 1021 1128 1021 1128 1046 1073 1046
1076 1039 1126 1039 1126 1062 1076 1062
787 1267 873 1267 873 1291 787 1291
783 1291 875 1291 875 1316 783 1316
796 1316 865 1316 865 1341 796 1341
778 1342 879 1342 879 1362 778 1362
785 1369 875 1369 875 1388 785 1388
796 1390 870 1390 870 1415 796 1415
780 1413 880 1413 880 1443 780 1443
815 1439 843 1439 843 1464 815 1464
958 1468 1027 1468 1027 1492 958 1492
963 1487 1022 1487 1022 1512 963 1512
965 1507 1018 1507 1018 1531 965 1531
956 1529 1024 1529 1024 1549 956 1549
953 1547 1031 1547 1031 1572 953 1572
