277 95 300 95 300 119 277 119
264 116 312 116 312 142 264 142
261 139 316 139 316 165 261 165
533 74 609 74 609 93 533 93
540 91 600 91 600 111 540 111
527 109 610 109 610 128 527 128
543 123 596 123 596 148 543 148
444 329 503 329 503 354 444 354
439 349 504 349 504 374 439 374
425 372 520 372 520 391 425 391
430 388 515 391 515 416 430 412
448 409 497 409 497 435 448 435
434 430 513 430 513 455 434 455
623 347 681 347 681 372 623 372
616 367 693 367 693 391 616 391
614 386 692 386 692 411 614 411
619 407 688 407 688 432 619 432
849 65 921 65 921 84 849 84
858 82 912 82 912 102 858 102
858 100 912 100 912 118 858 118
850 118 921 118 921 135 850 135
854 134 916 134 916 153 854 153
849 153 918 153 918 171 849 171
868 340 918 340 918 367 868 367
845 358 942 358 942 388 845 388
870 381 916 381 916 407 870 407
188 457 220 457 220 478 188 478
169 472 245 472 245 497 169 497
173 492 238 492 238 517 173 517
187 515 227 515 227 534 187 534
171 534 245 534 245 554 171 554
165 552 248 552 248 577 165 577
162 569 252 569 252 601 162 601
188 591 224 591 224 619 188 619
162 982 222 982 222 1009 162 1009
160 1002 229 1002 229 1028 160 1028
151 1023 236 1023 236 1048 151 1048
157 1046 229 1046 229 1065 157 1065
160 1065 224 1065 224 1085 160 1085
157 1081 233 1081 233 1106 157 1106
173 1104 215 1104 215 1125 173 1125
155 1122 231 1122 231 1147 155 1147
644 965 716 965 716 989 644 989
665 988 707 988 707 1007 665 1007
640 1002 720 1002 720 1028 640 1028
644 1027 715 1027 715 1046 644 1046
635 1044 722 1041 722 1065 635 1069
538 1078 623 1078 623 1097 538 1097
552 1101 609 1101 609 1120 552 1120
542 1120 621 1120 621 1139 542 1139
545 1139 617 1139 617 1159 545 1159
538 1157 626 1157 626 1182 538 1182
543 1177 621 1177 621 1201 543 1201
552 1199 610 1199 610 1219 552 1219
300 1374 354 1374 354 1399 300 1399
287 1395 361 1392 363 1417 289 1420
278 1417 370 1417 370 1436 278 1436
305 1436 346 1436 346 1457 305 1457
289 1457 363 1457 363 1475 289 1475
291 1477 363 1477 363 1496 291 1496
291 1492 361 1492 361 1517 291 1517
282 1517 370 1517 370 1537 282 1537
157 1649 215 1653 213 1674 155 1671
459 1411 504 1411 504 1431 459 1431
457 1443 510 1443 510 1469 457 1469
441 1461 512 1461 512 1485 441 1485
457 1480 494 1480 494 1501 457 1501
441 1498 508 1498 508 1517 441 1517
441 1515 508 1515 508 1535 441 1535
450 1533 501 1533 501 1552 450 1552
436 1371 593 1371 593 1434 436 1434
515 1418 570 1413 573 1438 519 1443
450 1417 586 1436 580 1468 444 1448
695 1415 768 1415 768 1439 695 1439
690 1439 773 1439 773 1457 690 1457
690 1459 775 1459 775 1478 690 1478
704 1477 760 1477 760 1501 704 1501
683 1498 783 1498 783 1517 683 1517
