97 184 150 184 150 200 97 200
93 200 154 200 154 218 93 218
104 217 141 217 141 234 104 234
94 233 155 233 155 253 94 253
556 130 616 130 616 145 556 145
551 147 624 147 624 160 551 160
537 164 631 164 631 178 537 178
542 181 630 181 630 195 542 195
568 196 601 196 601 214 568 214
654 146 705 146 705 163 654 163
653 164 705 164 705 181 653 181
655 181 703 181 703 201 655 201
647 200 712 200 712 218 647 218
211 696 325 707 322 746 207 735
582 556 682 556 682 597 582 597
598 779 651 776 652 801 600 803
576 803 678 803 678 822 576 822
574 825 680 825 680 845 574 845
