210 125 327 126 327 144 210 142
194 149 347 149 347 165 194 165
203 169 337 169 337 185 203 185
233 189 305 189 305 210 233 210
408 98 436 98 436 113 408 113
193 547 384 547 384 565 193 565
152 571 423 571 423 587 152 587
195 592 377 592 377 608 195 608
247 613 327 613 327 630 247 630
419 330 578 330 578 347 419 347
371 352 624 350 624 368 371 369
370 374 624 374 624 391 370 391
356 396 641 396 641 412 356 412
382 417 606 416 606 433 382 434
428 439 567 437 567 453 428 455
524 605 624 605 624 623 524 623
486 625 657 626 657 644 486 642
480 648 664 648 664 664 480 664
488 671 658 671 658 687 488 687
137 917 333 917 333 933 137 933
132 938 336 938 336 954 132 954
130 959 344 959 344 976 130 976
192 981 280 981 280 998 192 998
1 1217 173 1217 173 1245 1 1245
464 911 647 911 647 927 464 927
454 933 657 933 657 949 454 949
441 954 664 954 664 970 441 970
456 975 656 975 656 992 456 992
478 997 632 997 632 1013 478 1013
488 1017 619 1019 619 1036 488 1034
606 1089 637 1089 637 1104 606 1104
